# CS and PF coils
# coil_center_R(m), coil_center_Z(m),  width(m), hight(m), Nx, Ny, actual_turns (which may be slightly less than Nx*Nz because of engeneer constratints)
 0.62866 0.25132 0.16078 0.45177 7 20 140
 0.62866 -0.25132 0.16078 0.45177 7 20  140
 0.62866 0.75396 0.16078 0.45177 7 20  140
 0.62866 -0.75396 0.16078 0.45177 7 20 140
 0.62866 1.2566 0.16078 0.45177 7 20  140
 0.62866 -1.2566 0.16078 0.45177 7 20 140
 1.07217 1.7537 0.24694 0.09769 11 4  44
 1.07217 -1.7537 0.24694 0.09769 11 4 44
 1.13679 1.94092 0.37618 0.27473 17 12 204
 1.13679 -1.94092 0.37618 0.27473 17 12 204
 2.94558 1.59073 0.12844 0.21256 6 10  60
 2.94558 -1.59073 0.12844 0.21256 6 10 60
 3.2698 0.90419 0.08896 0.17188 4 8  32
 3.2698 -0.90419 0.08896 0.17188 4 8 32
 2.3090 0.7425 0.05 0.100 2 2  4
 2.3090 -0.7425 0.05 0.100 2 2 4
