1.358379960060119629e+00 0.000000000000000000e+00
1.358379960060119629e+00 2.269999980926513672e-01
1.358379960060119629e+00 4.539999961853027344e-01
1.363136529922485352e+00 4.557346999645233154e-01
1.437103986740112305e+00 7.983319759368896484e-01
1.437209606170654297e+00 7.988206744194030762e-01
1.441644549369812012e+00 8.381949067115783691e-01
1.429701447486877441e+00 9.089077115058898926e-01
1.391686081886291504e+00 1.014257669448852539e+00
1.391513705253601074e+00 1.014727950096130371e+00
1.379293560981750488e+00 1.048590540885925293e+00
1.399000048637390137e+00 1.039464354515075684e+00
1.436229228973388672e+00 1.025602936744689941e+00
1.459190130233764648e+00 1.020953655242919922e+00
1.477905988693237305e+00 1.025137186050415039e+00
1.544942259788513184e+00 1.054538846015930176e+00
1.612040996551513672e+00 1.083940386772155762e+00
1.635061264038085938e+00 1.095861911773681641e+00
1.660537004470825195e+00 1.113997459411621094e+00
1.665189981460571289e+00 1.117645382881164551e+00
1.695500016212463379e+00 1.141832351684570312e+00
1.706684589385986328e+00 1.162108540534973145e+00
1.713882803916931152e+00 1.130928754806518555e+00
1.713995337486267090e+00 1.130441546440124512e+00
1.736490011215209961e+00 1.033004403114318848e+00
1.763235211372375488e+00 9.698324203491210938e-01
1.801989555358886719e+00 9.256697893142700195e-01
1.802371382713317871e+00 9.253469109535217285e-01
1.939720153808593750e+00 8.092228174209594727e-01
1.970625996589660645e+00 7.833889722824096680e-01
2.074954032897949219e+00 6.883800029754638672e-01
2.177103042602539062e+00 5.890399813652038574e-01
2.279253005981445312e+00 4.896999895572662354e-01
2.349999904632568359e+00 4.900000095367431641e-01
2.349999904632568359e+00 0.000000000000000000e+00
2.349999904632568359e+00 -4.900000095367431641e-01
2.279253005981445312e+00 -4.896999895572662354e-01
2.177103042602539062e+00 -5.890399813652038574e-01
2.074954032897949219e+00 -6.883800029754638672e-01
1.972803950309753418e+00 -7.877200245857238770e-01
1.970625996589660645e+00 -7.833889722824096680e-01
1.806300044059753418e+00 -8.827000260353088379e-01
1.773300051689147949e+00 -9.233999848365783691e-01
1.761500000953674316e+00 -9.745000004768371582e-01
1.761500000953674316e+00 -1.100000023841857910e+00
1.664999961853027344e+00 -1.100000023841857910e+00
1.662899971008300781e+00 -1.044399976730346680e+00
1.643100023269653320e+00 -1.018599987030029297e+00
1.600200057029724121e+00 -9.786000251770019531e-01
1.544800043106079102e+00 -9.649999737739562988e-01
1.448799967765808105e+00 -9.649999737739562988e-01
1.396000027656555176e+00 -1.003999948501586914e+00
1.360999941825866699e+00 -1.003999948501586914e+00
1.360999941825866699e+00 -9.794999957084655762e-01
1.360999941825866699e+00 -8.050000071525573730e-01
1.360999941825866699e+00 -7.549999952316284180e-01
1.363530993461608887e+00 -4.559809863567352295e-01
1.358379960060119629e+00 -4.539999961853027344e-01
1.358379960060119629e+00 -2.269999980926513672e-01
1.358379960060119629e+00 0.000000000000000000e+00
