2.613227605819702148e+00
2.612165212631225586e+00
2.631268739700317383e+00
2.645910263061523438e+00
2.640703201293945312e+00
2.665656566619873047e+00
2.701122045516967773e+00
2.723688840866088867e+00
2.831548690795898438e+00
2.892461776733398438e+00
3.044015645980834961e+00
3.075265169143676758e+00
2.221025228500366211e+00
2.079538583755493164e+00
1.876789808273315430e+00
1.815559744834899902e+00
1.828016519546508789e+00
2.617056369781494141e+00
2.620058774948120117e+00
2.638621330261230469e+00
2.644548177719116211e+00
2.668367862701416016e+00
2.716180086135864258e+00
2.770664215087890625e+00
2.921133756637573242e+00
3.018593549728393555e+00
3.065393209457397461e+00
3.079184293746948242e+00
2.349146842956542969e+00
2.067893266677856445e+00
1.859049558639526367e+00
1.791405677795410156e+00
1.788650155067443848e+00
2.129034280776977539e+00
2.162716865539550781e+00
7.563363760709762573e-02
1.097805127501487732e-01
1.447323560714721680e-01
1.717457920312881470e-01
1.833106130361557007e-01
1.719836443662643433e-01
1.449337154626846313e-01
1.096652820706367493e-01
5.489172413945198059e-02
4.510208219289779663e-02
5.383886396884918213e-02
-1.228578537702560425e-01
-6.215899810194969177e-02
1.126838326454162598e-01
6.588769704103469849e-02
8.672134578227996826e-02
1.525259017944335938e-01
1.494538933038711548e-01
1.388326436281204224e-01
1.281570345163345337e-01
1.228936091065406799e-01
1.215791031718254089e-01
1.253703534603118896e-01
1.322900354862213135e-01
1.433679163455963135e-01
1.552368104457855225e-01
1.587023884057998657e-01
-1.373214721679687500e-01
7.994549721479415894e-02
1.390251219272613525e-01
7.869002968072891235e-02
-1.649780385196208954e-02
-1.316232681274414062e-01
-6.947191804647445679e-02
-1.463378816843032837e-01
-7.792740315198898315e-02
4.603039845824241638e-02
-1.140880137681961060e-01
3.962260312500000000e+05
2.653381103515625000e+03
2.604317138671875000e+03
6.887657714843750000e+03
5.985154296875000000e+03
4.213260742187500000e+03
5.764477050781250000e+03
7.343001953125000000e+03
7.297209472656250000e+03
7.294779785156250000e+03
7.288896484375000000e+03
-6.929062988281250000e+03
-7.292153320312500000e+03
5.275637817382812500e+02
5.083233032226562500e+02
-2.816467285156250000e+02
2.593994140625000000e+01
