1.301052893723839921e+00 -6.631110558294700530e-01 1.799558260540711103e+02
1.300760389942180018e+00 -5.031286715495359996e-01 1.801700414122597067e+02
1.300881920554799898e+00 -3.430812511174829993e-01 1.802178288317412012e+02
1.300690223166240056e+00 -1.831709896414739913e-01 1.801298557981947965e+02
1.300586795031970055e+00 -2.260147804789299983e-02 1.799175576314746934e+02
1.300488716319410099e+00 1.369223284600170065e-01 1.800322248464584050e+02
1.300297704711459890e+00 2.968053218602250132e-01 1.799752220245472927e+02
1.300178130489630046e+00 4.568278326212830143e-01 1.804108848669172005e+02
1.296304768745889957e+00 7.603104624923610055e-01 1.800131907709803158e+02
1.296038692437359918e+00 8.605116107445569540e-01 1.803441887794458012e+02
1.335927251840550056e+00 9.194805011556620444e-01 1.983261255730400023e+02
1.550318798553530053e+00 1.147106894566479962e+00 1.142778367876829009e+02
1.707522092679949921e+00 1.194947643032560070e+00 8.912539419835050580e+01
1.810709393919750054e+00 1.088806846579200016e+00 1.308734982281569614e+01
1.864832801608139912e+00 9.878984522957600101e-01 5.997693699530589839e+01
1.952134838175439979e+00 9.370628227500740204e-01 5.944080584501399755e+01
2.324609769337889986e+00 8.332946380271359921e-01 4.253632867340959933e+01
2.436369217901170003e+00 6.865835761681839955e-01 3.449028022920690262e+01
2.528096512541039953e+00 5.281876819079670549e-01 2.606271177310090081e+01
2.594617276646399961e+00 3.594100624781429998e-01 1.721091149164729472e+01
2.634105276132050033e+00 1.815554780119489897e-01 8.595387170149493272e+00
2.647726061248179885e+00 -1.790983080479999895e-04 1.137500125673938101e-01
2.634481693290109838e+00 -1.820980556105510073e-01 -8.675725515270201527e+00
2.594155714229750220e+00 -3.593260277255709845e-01 -1.729829865398700406e+01
2.527586251245249827e+00 -5.287940651898900279e-01 -2.569077416292799398e+01
2.436796104220670056e+00 -6.870544489008549860e-01 -3.390095313278699507e+01
2.324674317496400189e+00 -8.296210109858049853e-01 -4.243581506999601061e+01
1.990788212913960020e+00 -9.997821149133360175e-01 1.821119224328522819e+02
1.905087186469939908e+00 -9.735383847166120264e-01 -5.897527268340900264e+01
1.865111921770649994e+00 -1.102652689661159924e+00 1.136863382493999097e+00
1.948026805604960110e+00 -1.111963255026449993e+00 -6.288770726498000840e+01
1.763213619681619937e+00 -1.183816187932039909e+00 -7.892901630964101400e+01
1.602410431422119919e+00 -1.162562398302610100e+00 2.108252095410339848e+02
1.495949962899230101e+00 -1.092007924271420016e+00 -6.288842558528000382e+01
1.423194777547460044e+00 -1.156388825246140062e+00 2.071122927350199916e+02
1.308620619214249992e+00 -1.101423377822499994e+00 2.152270514542009892e+02
1.284696519318959895e+00 -8.711456942042069551e-01 1.821627341640034956e+02
1.366173238953569902e+00 1.080914019779900093e+00 1.137798305323694024e+02
