1.200000047683715820e+00
1.243749976158142090e+00
1.287500023841857910e+00
1.331249952316284180e+00
1.375000000000000000e+00
1.418750047683715820e+00
1.462499976158142090e+00
1.506250023841857910e+00
1.549999952316284180e+00
1.593750000000000000e+00
1.637500047683715820e+00
1.681249976158142090e+00
1.725000023841857910e+00
1.768749952316284180e+00
1.812500000000000000e+00
1.856250047683715820e+00
1.899999976158142090e+00
1.943750023841857910e+00
1.987499952316284180e+00
2.031250000000000000e+00
2.075000047683715820e+00
2.118750095367431641e+00
2.162499904632568359e+00
2.206249952316284180e+00
2.250000000000000000e+00
2.293750047683715820e+00
2.337500095367431641e+00
2.381249904632568359e+00
2.424999952316284180e+00
2.468750000000000000e+00
2.512500047683715820e+00
2.556250095367431641e+00
2.599999904632568359e+00
