-1.200000047683715820e+00
-1.125000000000000000e+00
-1.049999952316284180e+00
-9.750000238418579102e-01
-8.999999761581420898e-01
-8.249999880790710449e-01
-7.500000000000000000e-01
-6.750000119209289551e-01
-6.000000238418579102e-01
-5.249999761581420898e-01
-4.499999880790710449e-01
-3.750000000000000000e-01
-3.000000119209289551e-01
-2.249999940395355225e-01
-1.500000059604644775e-01
-7.500000298023223877e-02
0.000000000000000000e+00
7.500000298023223877e-02
1.500000059604644775e-01
2.249999940395355225e-01
3.000000119209289551e-01
3.750000000000000000e-01
4.499999880790710449e-01
5.249999761581420898e-01
6.000000238418579102e-01
6.750000119209289551e-01
7.500000000000000000e-01
8.249999880790710449e-01
8.999999761581420898e-01
9.750000238418579102e-01
1.049999952316284180e+00
1.125000000000000000e+00
1.200000047683715820e+00
